digraph r {
	graph [_draw_="c 9 -#fffffe00 C 7 -#ffffff P 4 0 0 0 108 54 108 54 0 ",
		bb="0,0,54,108",
		xdotversion=1.7
	];
	node [label="\N",
		shape=box,
		style=rounded
	];
	a	[_draw_="c 7 -#000000 B 25 42 108 42 108 12 108 12 108 6 108 0 102 0 96 0 96 0 84 0 84 0 78 6 72 12 72 12 72 42 72 42 72 48 72 54 78 54 84 \
54 84 54 96 54 96 54 102 48 108 42 108 ",
		_ldraw_="F 14 11 -Times-Roman c 7 -#000000 T 27 85.8 0 6.21 1 -a ",
		height=0.5,
		pos="27,90",
		width=0.75];
	b	[_draw_="c 7 -#000000 B 25 42 36 42 36 12 36 12 36 6 36 0 30 0 24 0 24 0 12 0 12 0 6 6 0 12 0 12 0 42 0 42 0 48 0 54 6 54 12 54 12 54 24 \
54 24 54 30 48 36 42 36 ",
		_ldraw_="F 14 11 -Times-Roman c 7 -#000000 T 27 13.8 0 7 1 -b ",
		height=0.5,
		pos="27,18",
		width=0.75];
	a -> b	[_draw_="c 7 -#000000 B 4 27 71.7 27 64.41 27 55.73 27 47.54 ",
		_hdraw_="S 5 -solid c 7 -#000000 C 7 -#000000 P 3 30.5 47.62 27 37.62 23.5 47.62 ",
		pos="e,27,36.104 27,71.697 27,64.407 27,55.726 27,47.536"];
}
