graph 0.45694 15.319 8.5
node S8 2.6667 8.25 0.75 0.5 S8 solid ellipse black lightgrey
node S24 0.70833 8.25 0.75 0.5 S24 solid ellipse black lightgrey
node S1 10.694 8.25 0.75 0.5 S1 solid ellipse black lightgrey
node S35 4.0556 8.25 0.75 0.5 S35 solid ellipse black lightgrey
node S30 14.556 8.25 0.75 0.5 S30 solid ellipse black lightgrey
node T8 4.0417 0.25 0.75 0.5 T8 solid ellipse black lightgrey
node T24 1.6667 0.25 0.75 0.5 T24 solid ellipse black lightgrey
node T1 8.3333 0.25 0.75 0.5 T1 solid ellipse black lightgrey
node T35 5.0417 0.25 0.75 0.5 T35 solid ellipse black lightgrey
node T30 9.5556 0.25 0.75 0.5 T30 solid ellipse black lightgrey
node 43 4.4306 7.25 0.75 0.5 43 solid ellipse black lightgrey
node 37 5.6944 7.25 0.75 0.5 37 solid ellipse black lightgrey
node 36 3.4306 7.25 0.75 0.5 36 solid ellipse black lightgrey
node 10 12.222 7.25 0.75 0.5 10 solid ellipse black lightgrey
node 2 9.1667 7.25 0.75 0.5 2 solid ellipse black lightgrey
node 25 1.1389 6.25 0.75 0.5 25 solid ellipse black lightgrey
node 9 2.6667 6.25 0.75 0.5 9 solid ellipse black lightgrey
node 38 4.1944 6.25 0.75 0.5 38 solid ellipse black lightgrey
node 40 5.1944 6.25 0.75 0.5 40 solid ellipse black lightgrey
node 13 10.833 6.25 0.75 0.5 13 solid ellipse black lightgrey
node 17 7.25 6.25 0.75 0.5 17 solid ellipse black lightgrey
node 12 11.833 6.25 0.75 0.5 12 solid ellipse black lightgrey
node 18 8.7778 6.25 0.75 0.5 18 solid ellipse black lightgrey
node 26 1.9028 5.25 0.75 0.5 26 solid ellipse black lightgrey
node 42 3.4306 5.25 0.75 0.5 42 solid ellipse black lightgrey
node 11 11.694 5.25 0.75 0.5 11 solid ellipse black lightgrey
node 3 7.75 5.25 0.75 0.5 3 solid ellipse black lightgrey
node 33 14.944 5.25 0.75 0.5 33 solid ellipse black lightgrey
node 19 5.9583 5.25 0.75 0.5 19 solid ellipse black lightgrey
node 39 4.9583 5.25 0.75 0.5 39 solid ellipse black lightgrey
node 14 12.736 5.25 0.75 0.5 14 solid ellipse black lightgrey
node 16 9.5417 5.25 0.75 0.5 16 solid ellipse black lightgrey
node 4 3.8333 4.25 0.75 0.5 4 solid ellipse black lightgrey
node 31 14.181 4.25 0.75 0.5 31 solid ellipse black lightgrey
node 34 13.181 4.25 0.75 0.5 34 solid ellipse black lightgrey
node 21 5.3611 4.25 0.75 0.5 21 solid ellipse black lightgrey
node 41 8.3611 4.25 0.75 0.5 41 solid ellipse black lightgrey
node 28 7.3611 4.25 0.75 0.5 28 solid ellipse black lightgrey
node 20 6.3611 4.25 0.75 0.5 20 solid ellipse black lightgrey
node 27 0.375 3.25 0.75 0.5 27 solid ellipse black lightgrey
node 5 4 3.25 0.75 0.5 5 solid ellipse black lightgrey
node 22 5.3611 3.25 0.75 0.5 22 solid ellipse black lightgrey
node 32 13.25 3.25 0.75 0.5 32 solid ellipse black lightgrey
node 29 9.3333 3.25 0.75 0.5 29 solid ellipse black lightgrey
node 15 8.3333 3.25 0.75 0.5 15 solid ellipse black lightgrey
node 6 4.1528 2.25 0.75 0.5 6 solid ellipse black lightgrey
node 23 5.8056 2.25 0.75 0.5 23 solid ellipse black lightgrey
node 7 4.1528 1.25 0.75 0.5 7 solid ellipse black lightgrey
edge S8 9 4 2.6667 7.9943 2.6667 7.6613 2.6667 7.0575 2.6667 6.6586 solid black
edge S24 25 4 0.76027 7.9982 0.833 7.665 0.96608 7.0555 1.0535 6.655 solid black
edge S24 27 10 0.64248 8.0015 0.54533 7.6341 0.375 6.8994 0.375 6.2639 0.375 6.2639 0.375 6.2639 0.375 5.2361 0.375 4.6908 0.375 4.0608 0.375 3.6624 solid black
edge S1 10 4 10.961 8.0668 11.199 7.9148 11.553 7.6897 11.825 7.5165 solid black
edge S1 2 4 10.428 8.0668 10.19 7.9148 9.8358 7.6897 9.5636 7.5165 solid black
edge S35 43 4 4.1463 8.0008 4.1878 7.8933 4.2379 7.7633 4.2845 7.6426 solid black
edge S35 36 4 3.9137 8.0155 3.8378 7.8974 3.7425 7.7492 3.6567 7.6156 solid black
edge S30 33 4 14.587 7.9979 14.653 7.4881 14.811 6.2869 14.893 5.6602 solid black
edge S30 31 4 14.533 7.9936 14.47 7.33 14.295 5.4793 14.218 4.6613 solid black
edge 43 38 4 4.3734 7.0008 4.3483 6.8972 4.318 6.7728 4.2896 6.6559 solid black
edge 43 40 4 4.6001 7.0203 4.696 6.8982 4.8182 6.7428 4.9267 6.6046 solid black
edge 37 38 4 5.4332 7.0668 5.2001 6.9157 4.8556 6.6924 4.5891 6.5197 solid black
edge 37 40 4 5.5785 7.0106 5.5198 6.8965 5.4471 6.7552 5.3808 6.6263 solid black
edge 37 39 7 5.7466 6.9979 5.7912 6.741 5.8291 6.3252 5.6944 6 5.6196 5.8192 5.4763 5.6596 5.336 5.5357 solid black
edge 37 41 7 5.8121 7.0124 6.0446 6.585 6.5973 5.638 7.25 5 7.4522 4.8023 7.7146 4.6256 7.9337 4.4949 solid black
edge 36 19 10 3.4133 6.9937 3.4076 6.7174 3.4425 6.2691 3.6944 6 4.2513 5.4052 4.6954 5.7861 5.4583 5.5 5.4797 5.492 5.5014 5.4834 5.5232 5.4745 solid black
edge 10 T1 22 12.478 7.0629 12.656 6.9296 12.882 6.7296 13.014 6.5 13.24 6.1049 13.186 5.9526 13.236 5.5 13.26 5.2791 13.327 5.203 13.236 5 13.101 4.6965 12.847 4.7876 12.681 4.5 12.399 4.0137 12.417 3.8257 12.417 3.2639 12.417 3.2639 12.417 3.2639 12.417 2.2361 12.417 1.8384 9.8727 0.83982 8.8007 0.43668 solid black
edge 10 13 4 11.974 7.0623 11.762 6.9139 11.454 6.6982 11.211 6.5284 solid black
edge 10 12 4 12.13 7.0057 12.086 6.8967 12.033 6.7638 11.984 6.6407 solid black
edge 10 11 7 12.303 7.0002 12.377 6.7452 12.457 6.331 12.333 6 12.271 5.8342 12.153 5.681 12.036 5.5578 solid black
edge 10 14 7 12.433 7.0396 12.564 6.9027 12.721 6.7079 12.792 6.5 12.884 6.2295 12.865 5.9062 12.826 5.6581 solid black
edge 2 T1 10 9.3156 7.016 9.6243 6.5377 10.306 5.358 10.306 4.2639 10.306 4.2639 10.306 4.2639 10.306 2.2361 10.306 1.3808 9.3667 0.76693 8.7846 0.46845 solid black
edge 2 17 4 8.8756 7.0885 8.5589 6.9278 8.0494 6.6694 7.6852 6.4846 solid black
edge 2 18 4 9.0745 7.0057 9.0309 6.8967 8.9777 6.7638 8.9285 6.6407 solid black
edge 2 3 7 8.9002 7.0667 8.7065 6.9324 8.4492 6.7296 8.2778 6.5 8.0868 6.2442 7.9492 5.9087 7.8625 5.6518 solid black
edge 2 16 4 9.2119 6.9982 9.2752 6.665 9.3912 6.0555 9.4673 5.655 solid black
edge 25 T1 13 1.1389 5.9932 1.1389 5.621 1.1389 4.8871 1.1389 4.2639 1.1389 4.2639 1.1389 4.2639 1.1389 2.2361 1.1389 1.2889 1.9941 1.3482 2.875 1 3.7668 0.64753 6.6116 0.39552 7.8018 0.30291 solid black
edge 25 26 4 1.3084 6.0203 1.4044 5.8982 1.5265 5.7428 1.6351 5.6046 solid black
edge 9 T1 13 2.6667 5.9932 2.6667 5.621 2.6667 4.8871 2.6667 4.2639 2.6667 4.2639 2.6667 4.2639 2.6667 2.2361 2.6667 1.5333 3.0452 1.3533 3.6528 1 4.3511 0.5939 6.7332 0.37763 7.8042 0.29896 solid black
edge 9 42 4 2.8362 6.0203 2.9321 5.8982 3.0543 5.7428 3.1629 5.6046 solid black
edge 38 4 4 4.1509 5.9982 4.0899 5.665 3.9783 5.0555 3.9049 4.655 solid black
edge 40 19 4 5.364 6.0203 5.4599 5.8982 5.5821 5.7428 5.6906 5.6046 solid black
edge 13 19 4 10.475 6.1646 9.6209 5.9943 7.4637 5.5641 6.4717 5.3663 solid black
edge 17 19 4 7.007 6.0532 6.814 5.9079 6.541 5.7025 6.3219 5.5376 solid black
edge 12 29 7 11.653 6.0309 11.525 5.8837 11.348 5.6805 11.194 5.5 10.623 4.8275 9.9644 4.0311 9.604 3.5934 solid black
edge 18 29 4 8.8223 5.9979 8.9176 5.4881 9.1421 4.2869 9.2593 3.6602 solid black
edge 26 4 4 2.196 5.0885 2.5168 4.9269 3.0341 4.6664 3.4013 4.4814 solid black
edge 42 4 4 3.526 5.0057 3.5717 4.8955 3.6275 4.7608 3.6789 4.6366 solid black
edge 11 4 10 11.327 5.1788 10.993 5.1277 10.485 5.053 10.042 5 7.7449 4.7253 7.1444 4.8708 4.8611 4.5 4.6872 4.4718 4.4988 4.4314 4.3313 4.392 solid black
edge 3 4 4 7.4024 5.1498 6.7056 4.9769 5.1359 4.5872 4.3305 4.3873 solid black
edge 33 T30 10 14.944 4.9932 14.944 4.621 14.944 3.8871 14.944 3.2639 14.944 3.2639 14.944 3.2639 14.944 2.2361 14.944 1.2068 11.434 0.55422 10.079 0.3408 solid black
edge 33 34 4 14.661 5.0799 14.374 4.9219 13.928 4.6757 13.6 4.4951 solid black
edge 19 21 4 5.8198 5.0106 5.749 4.8953 5.661 4.7521 5.5812 4.6221 solid black
edge 19 28 4 6.2091 5.0623 6.4232 4.9139 6.7345 4.6982 6.9795 4.5284 solid black
edge 19 20 4 6.0538 5.0057 6.0994 4.8955 6.1552 4.7608 6.2067 4.6366 solid black
edge 39 15 7 4.8548 5.0076 4.7492 4.7361 4.6307 4.2843 4.8611 4 5.2254 3.5504 6.924 3.3643 7.803 3.297 solid black
edge 14 15 7 12.426 5.1012 11.765 4.8123 10.165 4.1104 8.8333 3.5 8.8152 3.4917 8.7967 3.4831 8.778 3.4745 solid black
edge 16 15 7 9.4266 5.0082 9.2971 4.7566 9.0767 4.3419 8.8611 4 8.7773 3.8672 8.6786 3.7259 8.5893 3.6031 solid black
edge 4 5 4 3.8745 3.9958 3.8921 3.8934 3.913 3.7712 3.9327 3.6563 solid black
edge 31 T1 10 14.146 3.9967 14.043 3.3777 13.675 1.7225 12.611 1 11.291 0.10366 10.61 0.86045 9.0556 0.5 8.9749 0.4813 8.8904 0.45757 8.8087 0.43241 solid black
edge 31 32 4 13.988 4.0347 13.862 3.903 13.695 3.7283 13.551 3.5786 solid black
edge 34 29 4 12.832 4.1481 12.149 3.9754 10.629 3.5914 9.8365 3.391 solid black
edge 21 22 4 5.3611 3.9958 5.3611 3.8945 5.3611 3.774 5.3611 3.6602 solid black
edge 41 29 4 8.5626 4.0347 8.6955 3.9017 8.8724 3.7249 9.0231 3.5741 solid black
edge 28 29 4 7.6564 4.0906 7.9846 3.9288 8.5181 3.6658 8.895 3.4799 solid black
edge 20 15 4 6.6564 4.0906 6.9846 3.9288 7.5181 3.6658 7.895 3.4799 solid black
edge 27 T24 7 0.39459 2.9991 0.43828 2.5738 0.57113 1.6633 0.94444 1 1.0386 0.83276 1.1805 0.67652 1.3137 0.55139 solid black
edge 5 T35 7 3.8728 3.0079 3.6536 2.581 3.2639 1.6463 3.6528 1 3.6808 0.9534 4.2126 0.67937 4.6098 0.47924 solid black
edge 5 6 4 4.0378 2.9958 4.0539 2.8934 4.0731 2.7712 4.0911 2.6563 solid black
edge 5 23 4 4.2861 3.0821 4.5806 2.9235 5.0428 2.6746 5.3802 2.4929 solid black
edge 22 T35 4 5.3355 2.9979 5.2807 2.4881 5.1516 1.2869 5.0843 0.66016 solid black
edge 22 23 4 5.4664 3.0057 5.5168 2.8955 5.5784 2.7608 5.6352 2.6366 solid black
edge 32 23 4 12.881 3.1879 11.66 3.0285 7.7518 2.5181 6.3295 2.3323 solid black
edge 29 T30 4 9.3511 2.9979 9.3893 2.4881 9.4791 1.2869 9.5259 0.66016 solid black
edge 15 T1 4 8.3333 2.9979 8.3333 2.4881 8.3333 1.2869 8.3333 0.66016 solid black
edge 6 7 4 4.1528 1.9958 4.1528 1.8945 4.1528 1.774 4.1528 1.6602 solid black
edge 23 T24 7 5.662 2.0165 5.4674 1.7367 5.0931 1.2586 4.6528 1 3.8751 0.54332 2.8237 0.36882 2.1983 0.30294 solid black
edge 23 T1 4 6.0434 2.0506 6.4875 1.704 7.4455 0.95661 7.9707 0.54683 solid black
edge 7 T8 4 4.1253 0.99579 4.1137 0.89454 4.1 0.77398 4.087 0.66022 solid black
stop
