graph 1 28.632 8.5
node start 20.787 8.25 0.76841 0.5 start filled ellipse black lightgrey
node main 13.814 6.25 0.84294 0.5 main filled ellipse 0.650 0.200 1.000 0.650 0.200 1.000
node on_exit 21.064 7.25 1.1112 0.5 on_exit filled ellipse 0.650 0.200 1.000 0.650 0.200 1.000
node sort 4.8422 5.25 0.75 0.5 sort filled ellipse 0.408 0.498 1.000 0.408 0.498 1.000
node merge 6.4811 5.25 0.9768 0.5 merge filled ellipse 0.603 0.258 1.000 0.603 0.258 1.000
node term 11.745 5.25 0.79814 0.5 term filled ellipse 0.650 0.200 1.000 0.650 0.200 1.000
node signal 16.439 4.25 0.94733 0.5 signal filled ellipse 0.647 0.204 1.000 0.647 0.204 1.000
node sbrk 23.384 1.25 0.76854 0.5 sbrk filled ellipse 0.647 0.204 1.000 0.647 0.204 1.000
node unlink 11.717 4.25 0.99212 0.5 unlink filled ellipse 0.628 0.227 1.000 0.628 0.227 1.000
node newfile 9.8838 4.25 1.1109 0.5 newfile filled ellipse 0.650 0.200 1.000 0.650 0.200 1.000
node fclose 4.9672 4.25 0.94707 0.5 fclose filled ellipse 0.650 0.200 1.000 0.650 0.200 1.000
node close 8.5644 3.25 0.85774 0.5 close filled ellipse 0.650 0.200 1.000 0.650 0.200 1.000
node brk 10.717 5.25 0.75 0.5 brk filled ellipse 0.650 0.200 1.000 0.650 0.200 1.000
node setbuf 0.48106 4.25 0.96213 0.5 setbuf filled ellipse 0.650 0.200 1.000 0.650 0.200 1.000
node copyproto 13.092 5.25 1.3942 0.5 copyproto filled ellipse 0.650 0.200 1.000 0.650 0.200 1.000
node initree 14.537 5.25 0.99173 0.5 initree filled ellipse 0.650 0.200 1.000 0.650 0.200 1.000
node safeoutfil 15.939 5.25 1.3196 0.5 safeoutfil filled ellipse 0.650 0.200 1.000 0.650 0.200 1.000
node getpid 17.342 5.25 0.97706 0.5 getpid filled ellipse 0.650 0.200 1.000 0.650 0.200 1.000
node sprintf 20.189 5.25 1.0069 0.5 sprintf filled ellipse 0.650 0.200 1.000 0.650 0.200 1.000
node creat 19.023 5.25 0.82761 0.5 creat filled ellipse 0.650 0.200 1.000 0.650 0.200 1.000
node rem 15.078 2.25 0.75 0.5 rem filled ellipse 0.650 0.200 1.000 0.650 0.200 1.000
node oldfile 21.439 5.25 1.0068 0.5 oldfile filled ellipse 0.650 0.200 1.000 0.650 0.200 1.000
node msort 3.7866 4.25 0.91759 0.5 msort filled ellipse 0.590 0.273 1.000 0.590 0.273 1.000
node filbuf 1.4255 3.25 0.90253 0.5 filbuf filled ellipse 0.641 0.212 1.000 0.641 0.212 1.000
node setfil 10.842 3.25 0.84294 0.5 setfil filled ellipse 0.650 0.200 1.000 0.650 0.200 1.000
node qsort 3.7727 3.25 0.84307 0.5 qsort filled ellipse 0.449 0.447 1.000 0.449 0.447 1.000
node insert 7.4394 3.25 0.90253 0.5 insert filled ellipse 0.650 0.200 1.000 0.650 0.200 1.000
node wline 2.6477 3.25 0.90253 0.5 wline filled ellipse 0.201 0.753 1.000 0.201 0.753 1.000
node div 10.856 2.25 0.75 0.5 div filled ellipse 0.650 0.200 1.000 0.650 0.200 1.000
node cmpsave 5.5922 3.25 1.245 0.5 cmpsave filled ellipse 0.650 0.200 1.000 0.650 0.200 1.000
node rline 2.1477 4.25 0.79814 0.5 rline filled ellipse 0.355 0.563 1.000 0.355 0.563 1.000
node fopen 9.7033 3.25 0.91733 0.5 fopen filled ellipse 0.650 0.200 1.000 0.650 0.200 1.000
node mul 8.1755 4.25 0.75 0.5 mul filled ellipse 0.650 0.200 1.000 0.650 0.200 1.000
node cmpa 6.7311 2.25 0.88747 0.5 cmpa filled ellipse 0.000 1.000 1.000 0.000 1.000 1.000
node flsbuf 2.8838 2.25 0.9324 0.5 flsbuf filled ellipse 0.650 0.200 1.000 0.650 0.200 1.000
node xflsbuf 3.9811 1.25 1.0665 0.5 xflsbuf filled ellipse 0.650 0.200 1.000 0.650 0.200 1.000
node write 3.9811 0.25 0.85774 0.5 write filled ellipse 0.499 0.386 1.000 0.499 0.386 1.000
node read 1.4255 2.25 0.76815 0.5 read filled ellipse 0.578 0.289 1.000 0.578 0.289 1.000
node exit 12.842 4.25 0.75 0.5 exit filled ellipse 0.650 0.200 1.000 0.650 0.200 1.000
node endopen 8.2866 2.25 1.2153 0.5 endopen filled ellipse 0.650 0.200 1.000 0.650 0.200 1.000
node open 8.2866 1.25 0.828 0.5 open filled ellipse 0.641 0.212 1.000 0.641 0.212 1.000
node findiop 9.6894 2.25 1.0815 0.5 findiop filled ellipse 0.650 0.200 1.000 0.650 0.200 1.000
node fflush 5.0644 2.25 0.9324 0.5 fflush filled ellipse 0.650 0.200 1.000 0.650 0.200 1.000
node malloc 23.898 6.25 1.0365 0.5 malloc filled ellipse 0.650 0.200 1.000 0.650 0.200 1.000
node morecore 23.898 5.25 1.3193 0.5 morecore filled ellipse 0.650 0.200 1.000 0.650 0.200 1.000
node demote 25.356 5.25 1.0961 0.5 demote filled ellipse 0.650 0.200 1.000 0.650 0.200 1.000
node getfreehdr 13.745 2.25 1.4086 0.5 getfreehdr filled ellipse 0.650 0.200 1.000 0.650 0.200 1.000
node free 18.301 4.25 0.75 0.5 free filled ellipse 0.650 0.200 1.000 0.650 0.200 1.000
node getpagesize 25.078 4.25 1.5577 0.5 getpagesize filled ellipse 0.650 0.200 1.000 0.650 0.200 1.000
node putfreehdr 26.814 4.25 1.4237 0.5 putfreehdr filled ellipse 0.650 0.200 1.000 0.650 0.200 1.000
node udiv 22.078 3.25 0.78347 0.5 udiv filled ellipse 0.650 0.200 1.000 0.650 0.200 1.000
node umul 28.203 4.25 0.858 0.5 umul filled ellipse 0.650 0.200 1.000 0.650 0.200 1.000
node sigvec 16.439 3.25 0.99186 0.5 sigvec filled ellipse 0.650 0.200 1.000 0.650 0.200 1.000
node moncontrol 22.578 8.25 1.5433 0.5 moncontrol filled ellipse 0.647 0.204 1.000 0.647 0.204 1.000
node profil 22.578 7.25 0.90253 0.5 profil filled ellipse 0.650 0.200 1.000 0.650 0.200 1.000
node sigblock 18.037 2.25 1.2156 0.5 sigblock filled ellipse 0.650 0.200 1.000 0.650 0.200 1.000
node sigsetmask 16.439 2.25 1.4838 0.5 sigsetmask filled ellipse 0.650 0.200 1.000 0.650 0.200 1.000
node doprnt 20.189 4.25 1.0069 0.5 doprnt filled ellipse 0.650 0.200 1.000 0.650 0.200 1.000
node urem 20.481 3.25 0.85774 0.5 urem filled ellipse 0.650 0.200 1.000 0.650 0.200 1.000
node strlen 17.634 3.25 0.90253 0.5 strlen filled ellipse 0.650 0.200 1.000 0.650 0.200 1.000
node localeconv 19.064 3.25 1.4684 0.5 localeconv filled ellipse 0.650 0.200 1.000 0.650 0.200 1.000
edge start main 4 20.436 8.137 19.298 7.815 15.701 6.7975 14.342 6.413 solid 0.002 0.999 0.999
edge start on_exit 4 20.854 8.0008 20.883 7.8972 20.919 7.7728 20.952 7.6559 solid 0.649 0.701 0.701
edge main sort 7 13.387 6.2442 12.139 6.2583 8.3986 6.2316 5.4116 5.5 5.3702 5.4898 5.3278 5.4771 5.2858 5.4629 solid 0.348 0.839 0.839
edge main merge 4 13.404 6.1818 12.185 6.0201 8.5736 5.5413 7.1089 5.3471 solid 0.515 0.762 0.762
edge main term 4 13.491 6.0842 13.144 5.9213 12.591 5.6613 12.2 5.4778 solid 0.647 0.702 0.702
edge main signal 10 14.24 6.2266 15.199 6.1954 17.482 6.0622 17.953 5.5 18.096 5.3297 18.071 5.1884 17.953 5 17.753 4.6792 17.368 4.4946 17.036 4.3905 solid 0.650 0.700 0.700
edge main sbrk 7 14.24 6.2277 15.876 6.1917 21.695 6.0273 22.314 5.5 23.463 4.5231 23.473 2.5098 23.42 1.6581 solid 0.650 0.700 0.700
edge main unlink 10 13.393 6.2144 12.53 6.1601 10.614 5.9865 10.217 5.5 10.077 5.3278 10.1 5.1886 10.217 5 10.328 4.8229 10.788 4.6123 11.17 4.4618 solid 0.650 0.700 0.700
edge main newfile 7 13.394 6.2131 12.513 6.1559 10.517 5.9756 10.064 5.5 9.8551 5.2802 9.8207 4.9313 9.8325 4.6601 solid 0.650 0.700 0.700
edge main fclose 7 13.388 6.2419 11.932 6.2548 7.171 6.2384 5.87 5.5 5.5295 5.3068 5.2819 4.9266 5.133 4.6386 solid 0.650 0.700 0.700
edge main close 7 13.399 6.2033 12.494 6.125 10.381 5.9031 9.8005 5.5 9.161 5.056 8.8174 4.1698 8.6645 3.6564 solid 0.650 0.700 0.700
edge main brk 7 13.425 6.1471 12.912 6.0248 11.983 5.7871 11.217 5.5 11.196 5.492 11.174 5.4834 11.152 5.4745 solid 0.650 0.700 0.700
edge main setbuf 7 13.39 6.238 12.048 6.2366 7.7857 6.1755 4.3422 5.5 3.1138 5.259 1.7287 4.7563 0.99743 4.4718 solid 0.650 0.700 0.700
edge main copyproto 4 13.651 6.0155 13.564 5.8995 13.457 5.7545 13.359 5.6228 solid 0.650 0.700 0.700
edge main initree 4 13.978 6.0155 14.066 5.8978 14.175 5.7503 14.274 5.6171 solid 0.650 0.700 0.700
edge main safeoutfil 4 14.142 6.0863 14.473 5.9347 14.992 5.6975 15.387 5.5167 solid 0.650 0.700 0.700
edge main getpid 7 14.21 6.1523 14.775 6.029 15.843 5.7826 16.731 5.5 16.76 5.4907 16.79 5.4807 16.82 5.4703 solid 0.650 0.700 0.700
edge main sprintf 7 14.235 6.2159 15.194 6.1627 17.609 5.9874 19.564 5.5 19.598 5.4916 19.633 5.4819 19.667 5.4713 solid 0.650 0.700 0.700
edge main creat 7 14.233 6.1988 15.048 6.1196 16.902 5.9077 18.412 5.5 18.455 5.4883 18.499 5.4747 18.543 5.4599 solid 0.650 0.700 0.700
edge main rem 13 14.237 6.231 15.847 6.2072 21.532 6.0822 22.064 5.5 22.418 5.1136 21.89 3.5763 21.037 3 20.027 2.3186 16.753 2.8205 15.578 2.5 15.556 2.4938 15.533 2.4867 15.51 2.4789 solid 0.650 0.700 0.700
edge main oldfile 7 14.239 6.2292 15.34 6.2031 18.371 6.0798 20.814 5.5 20.848 5.4919 20.883 5.4825 20.918 5.4722 solid 0.650 0.700 0.700
edge on_exit malloc 4 21.495 7.0885 21.986 6.9198 22.792 6.6434 23.333 6.4576 solid 0.325 0.850 0.850
edge sort newfile 10 5.1932 5.1509 5.3914 5.104 5.6439 5.0461 5.87 5 7.111 4.747 7.4305 4.7326 8.6755 4.5 8.8559 4.4663 9.0512 4.4287 9.2311 4.3935 solid 0.650 0.700 0.700
edge sort fclose 4 4.8731 4.9958 4.8862 4.8934 4.902 4.7712 4.9167 4.6563 solid 0.650 0.700 0.700
edge sort setbuf 7 4.4779 5.1802 3.8127 5.0744 2.3594 4.8259 1.1616 4.5 1.1127 4.4867 1.0623 4.4717 1.012 4.4559 solid 0.650 0.700 0.700
edge sort msort 4 4.6286 5.0394 4.4851 4.9072 4.2929 4.7302 4.1283 4.5786 solid 0.619 0.714 0.714
edge sort filbuf 7 4.4691 5.2027 3.7059 5.1263 2.0057 4.9131 1.62 4.5 1.4125 4.2778 1.3737 3.9291 1.3812 3.6586 solid 0.650 0.700 0.700
edge sort setfil 10 5.1317 5.084 5.6355 4.8252 6.7117 4.2984 7.6755 4 8.8042 3.6505 9.1563 3.8441 10.287 3.5 10.314 3.4917 10.342 3.4824 10.37 3.4726 solid 0.650 0.700 0.700
edge merge unlink 7 6.9571 5.1855 7.7899 5.0911 9.5617 4.8641 11.023 4.5 11.073 4.4875 11.124 4.4731 11.176 4.4576 solid 0.650 0.700 0.700
edge merge fclose 4 6.1856 5.0463 5.9591 4.9009 5.6434 4.6981 5.3901 4.5355 solid 0.650 0.700 0.700
edge merge setbuf 10 6.0389 5.1368 5.8286 5.0916 5.5731 5.0394 5.3422 5 3.6968 4.7193 3.2654 4.7807 1.62 4.5 1.4416 4.4696 1.2487 4.4315 1.0731 4.3949 solid 0.650 0.700 0.700
edge merge setfil 7 6.9685 5.214 7.9373 5.16 10.055 4.9878 10.564 4.5 10.787 4.287 10.849 3.9375 10.86 3.6643 solid 0.650 0.700 0.700
edge merge insert 7 6.4785 4.9945 6.4852 4.7347 6.5243 4.3164 6.6894 4 6.7766 3.8328 6.9157 3.6806 7.0505 3.5586 solid 0.650 0.700 0.700
edge merge wline 7 6.0344 5.1412 5.1506 4.9527 3.2586 4.5452 3.2033 4.5 2.9443 4.2885 2.8016 3.9309 2.726 3.6546 solid 0.650 0.700 0.700
edge merge cmpsave 4 6.3756 5.0021 6.2239 4.6656 5.9425 4.0412 5.7615 3.6395 solid 0.650 0.700 0.700
edge merge rline 10 6.0324 5.1416 5.8228 5.0978 5.5699 5.0455 5.3422 5 4.1895 4.7696 3.8736 4.8286 2.745 4.5 2.7018 4.4874 2.6574 4.473 2.6133 4.4575 solid 0.650 0.700 0.700
edge merge fopen 10 6.6464 5.0086 6.8569 4.7338 7.2453 4.2745 7.6755 4 8.2482 3.6346 8.4839 3.7386 9.12 3.5 9.1464 3.4901 9.1735 3.4797 9.2008 3.4692 solid 0.650 0.700 0.700
edge merge mul 4 6.7958 5.0555 7.0672 4.8998 7.4613 4.6737 7.7588 4.503 solid 0.650 0.700 0.700
edge term signal 7 12.053 5.0833 12.124 5.0523 12.2 5.0224 12.273 5 13.501 4.6232 14.995 4.4177 15.819 4.3253 solid 0.650 0.700 0.700
edge term unlink 4 11.738 4.9958 11.735 4.8945 11.732 4.774 11.728 4.6602 solid 0.650 0.700 0.700
edge term setfil 10 12.062 5.0925 12.525 4.8825 13.333 4.5147 13.342 4.5 13.462 4.3128 13.475 4.1779 13.342 4 13.11 3.6896 12.068 3.4649 11.405 3.3503 solid 0.650 0.700 0.700
edge term exit 4 11.967 5.0394 12.123 4.9014 12.334 4.7146 12.509 4.5589 solid 0.650 0.700 0.700
edge signal sigvec 4 16.439 3.9958 16.439 3.8945 16.439 3.774 16.439 3.6602 solid 0.650 0.700 0.700
edge newfile setfil 4 10.101 4.0155 10.227 3.8877 10.388 3.7246 10.528 3.583 solid 0.650 0.700 0.700
edge newfile fopen 4 9.8392 3.9958 9.8202 3.8934 9.7975 3.7712 9.7762 3.6563 solid 0.634 0.707 0.707
edge fclose close 7 5.4067 4.1534 6.0038 4.0357 7.1011 3.8005 8.0088 3.5 8.0341 3.4916 8.0599 3.4826 8.0858 3.4731 solid 0.650 0.700 0.700
edge fclose fflush 10 5.3915 4.1351 5.7146 4.0335 6.1377 3.8415 6.3422 3.5 6.4564 3.3094 6.4534 3.1924 6.3422 3 6.1854 2.7288 5.8867 2.5487 5.6174 2.4346 solid 0.642 0.704 0.704
edge sprintf doprnt 4 20.189 4.9958 20.189 4.8945 20.189 4.774 20.189 4.6602 solid 0.650 0.700 0.700
edge msort qsort 4 3.7832 3.9958 3.7817 3.8945 3.78 3.774 3.7784 3.6602 solid 0.650 0.700 0.700
edge msort insert 7 4.1352 4.0852 4.2117 4.0548 4.293 4.0247 4.37 4 4.8316 3.8521 6.1211 3.5571 6.8738 3.3889 solid 0.650 0.700 0.700
edge msort wline 4 3.5506 4.0347 3.3929 3.9 3.1824 3.7203 3.0044 3.5683 solid 0.650 0.700 0.700
edge msort div 10 3.9469 4.0102 4.1816 3.6867 4.6153 3.1173 4.8422 3 7.0279 1.8698 7.9818 3.1464 10.356 2.5 10.379 2.4939 10.401 2.4867 10.424 2.4789 solid 0.650 0.700 0.700
edge msort cmpsave 4 4.1053 4.0645 4.3792 3.917 4.7788 3.7019 5.0948 3.5317 solid 0.650 0.700 0.700
edge filbuf read 4 1.4255 2.9958 1.4255 2.8945 1.4255 2.774 1.4255 2.6602 solid 0.650 0.700 0.700
edge setfil rem 7 11.254 3.1887 11.952 3.1011 13.404 2.8864 14.578 2.5 14.6 2.4929 14.622 2.485 14.644 2.4767 solid 0.650 0.700 0.700
edge setfil div 4 10.846 2.9958 10.847 2.8945 10.849 2.774 10.85 2.6602 solid 0.650 0.700 0.700
edge qsort cmpa 7 4.1139 3.0998 4.2015 3.0661 4.2958 3.0308 4.3838 3 4.9978 2.7854 5.7119 2.5656 6.1898 2.4228 solid 0.650 0.700 0.700
edge insert cmpa 4 7.2751 3.0106 7.1893 2.8928 7.0823 2.746 6.986 2.6139 solid 0.650 0.700 0.700
edge insert getfreehdr 7 7.7776 3.0787 7.8524 3.0487 7.9323 3.0204 8.0088 3 8.9152 2.7585 11.554 2.4774 12.914 2.3431 solid 0.650 0.700 0.700
edge wline flsbuf 4 2.7061 2.9958 2.731 2.8934 2.7606 2.7712 2.7886 2.6563 solid 0.649 0.700 0.700
edge rline filbuf 4 1.9838 4.0155 1.8952 3.8962 1.7837 3.746 1.6837 3.6114 solid 0.649 0.700 0.700
edge fopen endopen 4 9.4301 3.0487 9.2285 2.9103 8.95 2.7192 8.7184 2.5602 solid 0.639 0.705 0.705
edge fopen findiop 4 9.6999 2.9958 9.6984 2.8945 9.6967 2.774 9.6951 2.6602 solid 0.650 0.700 0.700
edge flsbuf xflsbuf 4 3.1165 2.0299 3.2643 1.899 3.4586 1.7269 3.6255 1.579 solid 0.649 0.700 0.700
edge xflsbuf write 4 3.9811 0.99579 3.9811 0.89454 3.9811 0.77398 3.9811 0.66022 solid 0.650 0.700 0.700
edge endopen open 4 8.2866 1.9958 8.2866 1.8945 8.2866 1.774 8.2866 1.6602 solid 0.650 0.700 0.700
edge fflush xflsbuf 4 4.8347 2.0299 4.6911 1.9011 4.5033 1.7325 4.3403 1.5863 solid 0.635 0.707 0.707
edge malloc morecore 4 23.898 5.9958 23.898 5.8945 23.898 5.774 23.898 5.6602 solid 0.325 0.850 0.850
edge malloc demote 4 24.193 6.0394 24.403 5.8993 24.689 5.7088 24.924 5.5517 solid 0.650 0.700 0.700
edge morecore sbrk 7 23.887 4.9948 23.86 4.4546 23.778 3.1084 23.578 2 23.558 1.8864 23.529 1.7646 23.499 1.6535 solid 0.650 0.700 0.700
edge morecore getfreehdr 10 23.839 4.9977 23.707 4.522 23.34 3.4611 22.592 3 21.073 2.0638 16.337 2.8005 14.578 2.5 14.522 2.4904 14.465 2.4786 14.407 2.4653 solid 0.650 0.700 0.700
edge morecore free 7 23.301 5.138 22.465 4.9997 20.898 4.7378 19.564 4.5 19.316 4.4557 19.041 4.4046 18.811 4.3612 solid 0.650 0.700 0.700
edge morecore getpagesize 4 24.166 5.0155 24.319 4.8893 24.514 4.7286 24.684 4.5882 solid 0.650 0.700 0.700
edge morecore putfreehdr 4 24.379 5.0756 24.867 4.9129 25.626 4.6602 26.166 4.48 solid 0.650 0.700 0.700
edge morecore udiv 7 23.679 5.0125 23.538 4.8676 23.351 4.674 23.189 4.5 22.906 4.1949 22.589 3.8408 22.366 3.59 solid 0.650 0.700 0.700
edge morecore umul 10 24.389 5.0793 24.488 5.0507 24.592 5.0228 24.689 5 25.988 4.6978 26.368 4.8745 27.648 4.5 27.675 4.492 27.703 4.483 27.731 4.4733 solid 0.650 0.700 0.700
edge getfreehdr sbrk 7 14.257 2.0743 14.362 2.0457 14.473 2.0191 14.578 2 17.668 1.4386 21.446 1.3044 22.837 1.2731 solid 0.650 0.700 0.700
edge free insert 10 17.948 4.1577 17.696 4.1045 17.347 4.0374 17.037 4 13.047 3.5189 11.927 4.3934 8.0088 3.5 7.9791 3.4932 7.9489 3.485 7.9188 3.4758 solid 0.650 0.700 0.700
edge sigvec sigblock 4 16.747 3.0487 16.981 2.9065 17.306 2.7086 17.571 2.5472 solid 0.650 0.700 0.700
edge sigvec sigsetmask 4 16.439 2.9958 16.439 2.8945 16.439 2.774 16.439 2.6602 solid 0.650 0.700 0.700
edge moncontrol profil 4 22.578 7.9958 22.578 7.8945 22.578 7.774 22.578 7.6602 solid 0.650 0.700 0.700
edge doprnt udiv 4 20.531 4.06 20.843 3.8999 21.304 3.6627 21.641 3.4888 solid 0.650 0.700 0.700
edge doprnt urem 4 20.261 3.9958 20.293 3.8922 20.33 3.7684 20.365 3.6523 solid 0.650 0.700 0.700
edge doprnt strlen 7 19.788 4.0925 19.386 3.9473 18.749 3.7143 18.203 3.5 18.179 3.4903 18.153 3.4803 18.128 3.4701 solid 0.650 0.700 0.700
edge doprnt localeconv 4 19.945 4.0252 19.799 3.8988 19.61 3.7354 19.445 3.5924 solid 0.650 0.700 0.700
stop
